
14 10 24 18 19 24 04 18 24 09 19 14 10 18 04 24 03 24 19 14 24 04 18 16 20 18 06 12 01 19 18 12 21 09 26 01 24 18 24 20 24 03 

23 03 18 08 12 03 14 18 08 23 07 24 18 09 18 05 24 24 04 08 24 18 23 05 18 10 09 20 

14 10 24 18 14 19 09 11 24 08 08 24 19 18 21 08 09 22 24 03 18 12 19 04 24 19 18 01 21 18 10 23 00 10 

03 12 18 14 10 24 18 19 09 23 05 18 04 12 24 03 18 05 12 14 18 02 09 03 10 18 23 14 18 09 02 09 20 

14 10 24 18 22 09 14 09 08 20 03 14 18 13 09 07 24 03 18 03 01 19 24 18 14 10 24 18 03 24 02 24 19 03 18 09 19 24 18 16 01 19 05 23 05 00 

10 24 18 05 24 24 04 03 18 24 11 24 19 20 18 02 19 24 22 07 09 00 24 18 14 12 18 22 08 23 13 16 

14 10 24 18 25 12 08 08 23 24 03 14 18 07 05 12 02 03 18 14 10 09 14 18 14 10 24 18 02 10 24 24 08 18 13 01 03 14 18 07 24 24 21 18 14 01 19 05 23 05 00 

16 01 14 18 03 22 12 02 08 03 18 09 14 18 10 24 19 18 03 23 03 14 24 19 03 18 23 05 18 14 23 13 24 
